source(...)
$f
[1] 4.061743

$ddf
[1] 597

$pValue
[1] 0.007138494

$fomStats
Reader    Area     stdErr   DF   CILower CIUpper
1         0.7793   0.02908  199  0.7219   0.8366
3         0.7249   0.02893  199  0.6678   0.7819
4         0.7036   0.03284  199  0.6389   0.7684
5         0.8051   0.02737  199  0.7511   0.8591

$diffFomStats
        DifferenceFom  t     DF    Pr > t  CILower    CIUpper
1 - 3         0.054   1.90   199   0.058   -0.0020    0.11
1 - 4         0.076   2.09   199   0.038    0.0042    0.15
1 - 5        -0.026  -0.790  199   0.431   -0.0903    0.04
3 - 4         0.021   0.589  199   0.557   -0.0500    0.09
3 - 5        -0.080  -2.731  199   0.007   -0.138    -0.02
4 - 5        -0.101  -2.97   199   0.003   -0.169    -0.03
