> source('~/xzwps/CorCBM/software/mainCorCBM.R')
Data file is FR 
[1] "Result table for CORCBM:"

[1] 2.0102567 0.8847504 1.7981024 0.9184550 0.5843823 0.7645460 0.8737268 0.8657433
[1] 0.30124219 0.28871975 0.06194437 0.06640705 0.14366593 0.10638941 0.03678951
[8] 0.03975185
[1] "Area test:"
Area test statistic: 0.2033977 P-Value: 0.4194121
[1] 2.0461696 0.9180077 1.5797343 0.9999805 0.6587530 0.4897916 0.8911007 0.8680044
[1] 0.34022589 0.38106025 0.06489805 0.18550721 0.13912891 0.17792648 0.03825416
[8] 0.07154044
[1] "Area test:"
Area test statistic: 0.505585 P-Value: 0.306574
[1] 1.8566053 0.9730491 1.9792475 0.8616298 0.6177423 0.8884641 0.8944526 0.8611731
[1] 0.26301882 0.28754144 0.02685613 0.05945156 0.13915937 0.05830446 0.03276519
[8] 0.03653762
[1] "Area test:"
Area test statistic: 0.9010752 P-Value: 0.1837742
[1] 1.5059903 0.9127337 1.6379302 0.8651872 0.7697280 0.9572242 0.8254247 0.8258356
[1] 0.24949049 0.25805782 0.06275978 0.05879872 0.11275964 0.03168896 0.04324638
[8] 0.03998953
[1] "Area test:"
Area test statistic: 0.0109169 P-Value: 0.4956449

[1] "Result table for CORROC:"

[1] 1.2310 0.5043 1.2844 0.6333 0.5129 0.6157 0.8641 0.8611
[1] 0.20486142 0.12762092 0.22214972 0.15337633 0.15130896 0.10397836 0.03919028
[8] 0.04107124
[1] "Area test:"
Area test statistic: 0.07894719 P-Value: 0.4685373
[1] 1.4558 0.5988 1.4375 0.7982 0.6243 0.4345 0.8942 0.8694
[1] 0.23777994 0.17647408 0.29364656 0.25587829 0.14408123 0.15313654 0.03712089
[8] 0.04852945
[1] "Area test:"
Area test statistic: 0.629472 P-Value: 0.26452
[1] 1.4217 0.7021 1.1560 0.4810 0.5857 0.7323 0.8777 0.8512
[1] 0.24737724 0.17118674 0.19698096 0.11662375 0.14740963 0.07798237 0.04055821
[8] 0.04053283
[1] "Area test:"
Area test statistic: 0.7528669 P-Value: 0.225765
[1] 1.2094 0.7372 1.0178 0.4994 0.7013 0.8261 0.8348 0.8187
[1] 0.29095429 0.24948347 0.23548822 0.17000147 0.13614478 0.06157102 0.05550253
[8] 0.05267621
[1] "Area test:"
Area test statistic: 0.3901715 P-Value: 0.3482049