> source('~/xzwps/CorCBM/software/mainCorCBM.R')
Data file is VD 
[1] "Result table for CORCBM:"

[1] 2.5088916 0.9598747 2.6689060 0.9643186 0.3731616 0.8606924 0.9434361 0.9536477
[1] 0.30539601 0.35065138 0.03895075 0.04503712 0.14762311 0.09295720 0.02362792
[8] 0.02398888
[1] "Area test:"
Area test statistic: 0.3854332 P-Value: 0.3499582
[1] 2.2276670 0.9085424 2.4283029 0.9999999 0.5136973 0.9135257 0.9019343 0.9570167
[1] NaN NaN NaN NaN NaN NaN NaN NaN
[1] "Area test:"
Area test statistic: NaN P-Value: NaN
[1] 2.1619248 0.9999916 2.6393973 0.9327499 0.2729327 0.8028062 0.9368283 0.9374623
[1] NaN NaN NaN NaN NaN NaN NaN NaN
[1] "Area test:"
Area test statistic: NaN P-Value: NaN
[1] 4.1332261 0.9528856 5.0469481 0.9999826 0.6215530 0.6466520 0.9747891 0.9998119
[1] NaN NaN NaN NaN NaN NaN NaN NaN
[1] "Area test:"
Area test statistic: NaN P-Value: NaN
[1] 2.14282239 0.83366064 2.77941052 0.96549382 0.06778125 0.84268277 0.86275880
[8] 0.95891133
[1] 0.27927235 0.32536248 0.07333364 0.03418292 0.16331010 0.08485605 0.03691494
[8] 0.02021961
[1] "Area test:"
Area test statistic: 2.538388 P-Value: 0.005568214

[1] "Result table for CORROC:"

[1] 1.7155 0.5505 1.8733 0.5272 0.3319 0.7982 0.9336 0.9513
[1] 0.34651840 0.19149517 0.33454596 0.17051686 0.14470971 0.09308727 0.03615480
[8] 0.02795589
[1] "Area test:"
Area test statistic: 0.7025031 P-Value: 0.2411827
[1] 1.4390 0.5773 1.6660 0.4671 0.4526 0.8601 0.8937 0.9344
[1] 0.43118442 0.25102052 0.31572298 0.14854360 0.21364995 0.06573553 0.06194534
[8] 0.03423938
[1] "Area test:"
Area test statistic: 0.9065391 P-Value: 0.1823253
[1] 1.7267 0.6000 1.6201 0.4564 0.2541 0.8197 0.9307 0.9297
[1] 0.31940257 0.19227714 0.29203510 0.14577894 0.13710653 0.09192823 0.03435922
[8] 0.03370478
[1] "Area test:"
Area test statistic: 0.03930794 P-Value: 0.4843224
[1] NA NA NA NA NA NA NA NA
[1] NA NA NA NA NA NA NA NA
[1] "Area test:"
Area test statistic: NA P-Value: NA
[1] 1.0914 0.4592 1.7069 0.3916 0.0860 0.5990 0.8393 0.9440
[1] 0.24573726 0.13472565 0.30691269 0.16030377 0.15609164 0.13409847 0.05194194
[8] 0.03078489
[1] "Area test:"
Area test statistic: 2.257355 P-Value: 0.01199294